Matrix Size: 2 x 2
Ordinary Multiplication Result:
16 17 
26 22 
Strassen Multiplication Result:
16 17 
26 22 
Time (Ordinary): 3700 ns
Time (Strassen): 14700 ns

Matrix Size: 4 x 4
Ordinary Multiplication Result:
-1 -4 -2 13 
7 -6 2 6 
11 5 -1 1 
-6 9 -8 3 
Strassen Multiplication Result:
-1 -4 -2 13 
7 -6 2 6 
11 5 -1 1 
-6 9 -8 3 
Time (Ordinary): 2500 ns
Time (Strassen): 27400 ns

Matrix Size: 8 x 8
Ordinary Multiplication Result:
-4 4 6 3 -4 -3 -6 -10 
7 4 0 -5 11 0 0 8 
6 -11 0 -8 -4 4 8 5 
-4 11 7 1 -6 1 -4 -3 
-7 2 -2 8 6 -5 -4 6 
9 -1 10 -3 11 4 5 10 
18 9 13 12 5 3 0 -2 
18 -5 -4 -11 -3 1 3 3 
Strassen Multiplication Result:
-4 4 6 3 -4 -3 -6 -10 
7 4 0 -5 11 0 0 8 
6 -11 0 -8 -4 4 8 5 
-4 11 7 1 -6 1 -4 -3 
-7 2 -2 8 6 -5 -4 6 
9 -1 10 -3 11 4 5 10 
18 9 13 12 5 3 0 -2 
18 -5 -4 -11 -3 1 3 3 
Time (Ordinary): 12400 ns
Time (Strassen): 188000 ns

Matrix Size: 16 x 16
Ordinary Multiplication Result:
-8 8 12 6 -8 -6 -12 -20 -8 8 12 6 -8 -6 -12 -20 
14 8 0 -10 22 0 0 16 14 8 0 -10 22 0 0 16 
12 -22 0 -16 -8 8 16 10 12 -22 0 -16 -8 8 16 10 
-8 22 14 2 -12 2 -8 -6 -8 22 14 2 -12 2 -8 -6 
-14 4 -4 16 12 -10 -8 12 -14 4 -4 16 12 -10 -8 12 
18 -2 20 -6 22 8 10 20 18 -2 20 -6 22 8 10 20 
36 18 26 24 10 6 0 -4 36 18 26 24 10 6 0 -4 
36 -10 -8 -22 -6 2 6 6 36 -10 -8 -22 -6 2 6 6 
-8 8 12 6 -8 -6 -12 -20 -8 8 12 6 -8 -6 -12 -20 
14 8 0 -10 22 0 0 16 14 8 0 -10 22 0 0 16 
12 -22 0 -16 -8 8 16 10 12 -22 0 -16 -8 8 16 10 
-8 22 14 2 -12 2 -8 -6 -8 22 14 2 -12 2 -8 -6 
-14 4 -4 16 12 -10 -8 12 -14 4 -4 16 12 -10 -8 12 
18 -2 20 -6 22 8 10 20 18 -2 20 -6 22 8 10 20 
36 18 26 24 10 6 0 -4 36 18 26 24 10 6 0 -4 
36 -10 -8 -22 -6 2 6 6 36 -10 -8 -22 -6 2 6 6 
Strassen Multiplication Result:
-8 8 12 6 -8 -6 -12 -20 -8 8 12 6 -8 -6 -12 -20 
14 8 0 -10 22 0 0 16 14 8 0 -10 22 0 0 16 
12 -22 0 -16 -8 8 16 10 12 -22 0 -16 -8 8 16 10 
-8 22 14 2 -12 2 -8 -6 -8 22 14 2 -12 2 -8 -6 
-14 4 -4 16 12 -10 -8 12 -14 4 -4 16 12 -10 -8 12 
18 -2 20 -6 22 8 10 20 18 -2 20 -6 22 8 10 20 
36 18 26 24 10 6 0 -4 36 18 26 24 10 6 0 -4 
36 -10 -8 -22 -6 2 6 6 36 -10 -8 -22 -6 2 6 6 
-8 8 12 6 -8 -6 -12 -20 -8 8 12 6 -8 -6 -12 -20 
14 8 0 -10 22 0 0 16 14 8 0 -10 22 0 0 16 
12 -22 0 -16 -8 8 16 10 12 -22 0 -16 -8 8 16 10 
-8 22 14 2 -12 2 -8 -6 -8 22 14 2 -12 2 -8 -6 
-14 4 -4 16 12 -10 -8 12 -14 4 -4 16 12 -10 -8 12 
18 -2 20 -6 22 8 10 20 18 -2 20 -6 22 8 10 20 
36 18 26 24 10 6 0 -4 36 18 26 24 10 6 0 -4 
36 -10 -8 -22 -6 2 6 6 36 -10 -8 -22 -6 2 6 6 
Time (Ordinary): 88700 ns
Time (Strassen): 1262300 ns

Matrix Size: 32 x 32
Ordinary Multiplication Result:
-55 12 9 -39 -88 8 95 64 -3 49 -33 83 -45 -92 -4 7 -70 -25 -57 -55 -27 17 27 67 31 -24 15 -34 68 -26 43 -36 
-74 -15 45 -42 57 39 44 4 -16 -60 61 -16 -57 30 -13 45 3 -32 47 -29 -4 92 -79 12 60 36 -132 36 -24 12 -11 91 
80 37 -84 9 -50 22 -46 109 61 -75 4 -118 33 36 -43 -69 -14 -11 -74 -19 62 -40 22 10 -37 54 -6 -50 -97 -60 -89 14 
60 1 29 -40 -29 -59 91 12 81 -48 7 -7 22 -38 -28 -43 54 -12 25 31 208 -74 52 -5 58 -56 -4 -65 -6 -1 91 -13 
-80 -6 58 75 129 -7 -9 46 -71 18 -2 118 111 -57 20 85 -23 3 60 -80 -37 62 114 17 7 -9 -68 -12 131 -16 -7 -98 
-94 -36 0 55 -9 -63 -79 -89 10 139 4 69 -82 38 -83 43 -96 -2 -147 -29 -50 8 12 -21 -2 -75 -39 67 30 -6 -50 38 
106 61 62 -11 -55 57 15 42 -10 -56 -46 -67 15 -35 76 -40 101 -18 -28 88 10 34 -139 7 3 28 60 50 -105 14 -58 0 
58 36 -96 53 27 -122 -69 13 64 31 66 31 0 -109 -38 93 32 47 -38 -39 112 -76 34 -3 -18 105 2 -105 -82 -118 -55 -67 
-60 -27 12 -24 -11 103 4 -2 -154 17 -20 80 63 35 58 -49 -43 -19 -3 -92 -109 14 86 -17 27 -96 134 49 183 58 34 -44 
-30 71 -33 -82 63 -61 23 37 10 -39 -74 10 -4 -4 -32 22 -2 31 -18 -39 11 -47 109 11 -21 102 -69 -121 -77 27 -35 -42 
-78 -97 20 -92 36 -33 20 -124 41 -73 -28 -73 -43 68 -30 -25 -25 105 -25 28 -20 62 -5 -27 24 24 -33 -30 -80 22 67 56 
53 -39 23 -16 54 13 22 90 28 14 -52 -93 3 -6 -15 6 93 -63 -15 -28 86 -99 79 -12 5 62 -2 -63 -8 -17 -3 -112 
-18 -36 -64 40 65 -71 -64 -68 -62 78 -71 -3 -82 62 13 25 83 -91 -107 41 -33 39 81 -38 -14 4 36 -17 47 73 78 -19 
-94 -76 84 31 53 49 -16 31 23 62 71 -51 79 51 -37 -35 53 -3 17 36 -11 35 -75 3 25 -10 -8 -38 48 -23 -74 -18 
-7 -54 36 -62 -61 45 51 13 0 -50 -5 25 8 38 43 -144 -83 29 41 123 -173 -25 -84 98 9 28 -52 23 60 111 -4 82 
28 -1 32 -37 -60 -53 -23 4 -27 46 72 30 -53 45 8 -5 0 -50 -34 -21 2 -61 -41 -13 33 -97 17 43 -22 -35 5 49 
26 -15 22 9 11 -21 -46 -33 -24 164 -14 58 117 76 43 -61 52 -123 -26 79 -34 -15 -66 68 -7 -71 2 6 144 58 -2 -10 
-3 71 -94 72 -31 -28 64 75 74 -99 -43 -168 72 -1 -48 40 -21 49 47 -45 42 -24 22 -7 -60 122 37 -71 -101 -100 2 20 
44 96 50 14 4 -62 47 71 109 -125 106 -121 83 -30 21 61 40 -28 27 74 153 -39 -81 47 16 122 -62 -34 -152 -65 -13 -12 
0 32 45 21 12 -58 39 -14 -25 -49 -26 0 -79 -73 -42 149 -9 40 11 -11 48 32 41 -58 11 -20 4 -21 -114 -50 -40 -22 
-56 -6 63 60 30 77 -71 41 26 4 57 -58 -46 -22 33 38 4 -92 4 -51 8 -3 27 5 -98 123 47 -11 -7 -73 -5 -20 
69 26 -88 69 42 -89 -17 12 -53 44 12 52 28 39 33 45 91 -103 -118 31 -25 48 -105 -66 91 -57 69 -30 -71 -25 -37 -78 
13 42 12 70 21 15 -35 48 -53 -52 10 52 88 -26 23 -43 -57 -23 -75 -82 35 -7 73 4 22 -28 27 -22 34 -42 -72 -52 
16 -89 19 -24 69 -13 21 -90 -102 15 -2 76 -18 38 73 58 34 23 39 -32 -90 45 -25 -92 48 -113 79 10 23 32 -62 -70 
1 -21 -61 96 -8 -63 12 -36 62 -7 -9 -18 13 43 -3 -16 -3 -36 -34 -41 54 -58 -3 -24 -3 35 36 -32 -37 -82 141 2 
60 -12 -94 -17 57 33 -127 -16 -43 120 -52 -10 -118 15 -66 -16 77 -37 8 -11 4 -30 75 24 14 15 29 -58 38 27 89 -23 
1 1 -135 -27 -32 -77 -70 -5 88 69 57 -91 130 47 -89 -41 47 46 -82 7 65 -60 -5 114 4 -39 9 -33 20 -104 18 -10 
-86 -44 23 -14 -65 79 -36 -71 -52 -8 10 10 98 112 -72 -90 -93 45 -39 -54 -22 13 -28 -30 -15 -112 -33 100 31 -33 -4 146 
16 -18 58 10 -114 -14 135 -15 -40 20 -64 -30 21 55 112 2 -32 -9 -15 -5 -37 -54 -55 -5 -6 -4 80 25 53 35 53 -26 
-78 104 37 -25 -72 13 114 10 -16 84 83 38 11 1 59 75 -39 93 29 -30 -82 -46 -7 -83 7 -92 67 32 46 -97 -5 -59 
50 90 -147 60 52 -124 -42 77 -25 22 -61 5 -7 -29 -75 61 63 11 -121 -3 27 -4 102 7 75 16 48 -53 -10 -16 13 -155 
80 -1 -3 61 -34 42 14 -8 31 52 -16 59 2 -7 67 -27 -27 -9 -71 27 6 -129 30 -88 -36 -42 47 -18 -44 -14 -107 -62 
Strassen Multiplication Result:
-55 12 9 -39 -88 8 95 64 -3 49 -33 83 -45 -92 -4 7 -70 -25 -57 -55 -27 17 27 67 31 -24 15 -34 68 -26 43 -36 
-74 -15 45 -42 57 39 44 4 -16 -60 61 -16 -57 30 -13 45 3 -32 47 -29 -4 92 -79 12 60 36 -132 36 -24 12 -11 91 
80 37 -84 9 -50 22 -46 109 61 -75 4 -118 33 36 -43 -69 -14 -11 -74 -19 62 -40 22 10 -37 54 -6 -50 -97 -60 -89 14 
60 1 29 -40 -29 -59 91 12 81 -48 7 -7 22 -38 -28 -43 54 -12 25 31 208 -74 52 -5 58 -56 -4 -65 -6 -1 91 -13 
-80 -6 58 75 129 -7 -9 46 -71 18 -2 118 111 -57 20 85 -23 3 60 -80 -37 62 114 17 7 -9 -68 -12 131 -16 -7 -98 
-94 -36 0 55 -9 -63 -79 -89 10 139 4 69 -82 38 -83 43 -96 -2 -147 -29 -50 8 12 -21 -2 -75 -39 67 30 -6 -50 38 
106 61 62 -11 -55 57 15 42 -10 -56 -46 -67 15 -35 76 -40 101 -18 -28 88 10 34 -139 7 3 28 60 50 -105 14 -58 0 
58 36 -96 53 27 -122 -69 13 64 31 66 31 0 -109 -38 93 32 47 -38 -39 112 -76 34 -3 -18 105 2 -105 -82 -118 -55 -67 
-60 -27 12 -24 -11 103 4 -2 -154 17 -20 80 63 35 58 -49 -43 -19 -3 -92 -109 14 86 -17 27 -96 134 49 183 58 34 -44 
-30 71 -33 -82 63 -61 23 37 10 -39 -74 10 -4 -4 -32 22 -2 31 -18 -39 11 -47 109 11 -21 102 -69 -121 -77 27 -35 -42 
-78 -97 20 -92 36 -33 20 -124 41 -73 -28 -73 -43 68 -30 -25 -25 105 -25 28 -20 62 -5 -27 24 24 -33 -30 -80 22 67 56 
53 -39 23 -16 54 13 22 90 28 14 -52 -93 3 -6 -15 6 93 -63 -15 -28 86 -99 79 -12 5 62 -2 -63 -8 -17 -3 -112 
-18 -36 -64 40 65 -71 -64 -68 -62 78 -71 -3 -82 62 13 25 83 -91 -107 41 -33 39 81 -38 -14 4 36 -17 47 73 78 -19 
-94 -76 84 31 53 49 -16 31 23 62 71 -51 79 51 -37 -35 53 -3 17 36 -11 35 -75 3 25 -10 -8 -38 48 -23 -74 -18 
-7 -54 36 -62 -61 45 51 13 0 -50 -5 25 8 38 43 -144 -83 29 41 123 -173 -25 -84 98 9 28 -52 23 60 111 -4 82 
28 -1 32 -37 -60 -53 -23 4 -27 46 72 30 -53 45 8 -5 0 -50 -34 -21 2 -61 -41 -13 33 -97 17 43 -22 -35 5 49 
26 -15 22 9 11 -21 -46 -33 -24 164 -14 58 117 76 43 -61 52 -123 -26 79 -34 -15 -66 68 -7 -71 2 6 144 58 -2 -10 
-3 71 -94 72 -31 -28 64 75 74 -99 -43 -168 72 -1 -48 40 -21 49 47 -45 42 -24 22 -7 -60 122 37 -71 -101 -100 2 20 
44 96 50 14 4 -62 47 71 109 -125 106 -121 83 -30 21 61 40 -28 27 74 153 -39 -81 47 16 122 -62 -34 -152 -65 -13 -12 
0 32 45 21 12 -58 39 -14 -25 -49 -26 0 -79 -73 -42 149 -9 40 11 -11 48 32 41 -58 11 -20 4 -21 -114 -50 -40 -22 
-56 -6 63 60 30 77 -71 41 26 4 57 -58 -46 -22 33 38 4 -92 4 -51 8 -3 27 5 -98 123 47 -11 -7 -73 -5 -20 
69 26 -88 69 42 -89 -17 12 -53 44 12 52 28 39 33 45 91 -103 -118 31 -25 48 -105 -66 91 -57 69 -30 -71 -25 -37 -78 
13 42 12 70 21 15 -35 48 -53 -52 10 52 88 -26 23 -43 -57 -23 -75 -82 35 -7 73 4 22 -28 27 -22 34 -42 -72 -52 
16 -89 19 -24 69 -13 21 -90 -102 15 -2 76 -18 38 73 58 34 23 39 -32 -90 45 -25 -92 48 -113 79 10 23 32 -62 -70 
1 -21 -61 96 -8 -63 12 -36 62 -7 -9 -18 13 43 -3 -16 -3 -36 -34 -41 54 -58 -3 -24 -3 35 36 -32 -37 -82 141 2 
60 -12 -94 -17 57 33 -127 -16 -43 120 -52 -10 -118 15 -66 -16 77 -37 8 -11 4 -30 75 24 14 15 29 -58 38 27 89 -23 
1 1 -135 -27 -32 -77 -70 -5 88 69 57 -91 130 47 -89 -41 47 46 -82 7 65 -60 -5 114 4 -39 9 -33 20 -104 18 -10 
-86 -44 23 -14 -65 79 -36 -71 -52 -8 10 10 98 112 -72 -90 -93 45 -39 -54 -22 13 -28 -30 -15 -112 -33 100 31 -33 -4 146 
16 -18 58 10 -114 -14 135 -15 -40 20 -64 -30 21 55 112 2 -32 -9 -15 -5 -37 -54 -55 -5 -6 -4 80 25 53 35 53 -26 
-78 104 37 -25 -72 13 114 10 -16 84 83 38 11 1 59 75 -39 93 29 -30 -82 -46 -7 -83 7 -92 67 32 46 -97 -5 -59 
50 90 -147 60 52 -124 -42 77 -25 22 -61 5 -7 -29 -75 61 63 11 -121 -3 27 -4 102 7 75 16 48 -53 -10 -16 13 -155 
80 -1 -3 61 -34 42 14 -8 31 52 -16 59 2 -7 67 -27 -27 -9 -71 27 6 -129 30 -88 -36 -42 47 -18 -44 -14 -107 -62 
Time (Ordinary): 689500 ns
Time (Strassen): 3990400 ns

